Kp=0.6, Ki=0.001, Kd=0.05
15
0
9.06334
12.7022
14.1228
14.6187
14.98
15.1556
15.1634
15.1153
14.961
15.0191
15.1735
15.1292
15.0535
15.1923
15.2109
15.1615
15.0136
15.0657
15.2674
15.1685
15.3147
15.2111
15.1435
15.067
15.1432
15.3244
15.3698
15.3289
15.0007
15.083
15.0492
15.091
15.0549
14.9128
15.0813
15.2055
15.0186
15.0766
15.0338
15.0626
15.1348
15.1909
15.3497
15.1819
15.035
15.1119
15.321
14.9736
14.99
15.1843
15.1192
15.0864
15.0606
15.0265
15.1099
15.1152
15.1766
15.0293
15.1599
14.9002
15.2574
15.1648
15.1584
15.1427
14.9966
15.0919
15.1851
14.95
15.1362
15.1732
15.04
15.0752
15.0035
15.1178
